   1.0670000e+03
   9.1900000e+02
   1.1960000e+03
   7.8500000e+02
   1.1260000e+03
   9.3600000e+02
   9.1800000e+02
   1.1560000e+03
   9.2000000e+02
   9.4800000e+02
   8.5500000e+02
   1.0920000e+03
   1.1620000e+03
   1.1700000e+03
   9.2900000e+02
   9.5000000e+02
   9.0500000e+02
   9.7200000e+02
   1.0350000e+03
   1.0450000e+03
   1.1570000e+03
   1.1950000e+03
   1.1950000e+03
   1.3400000e+03
   1.1220000e+03
   9.3800000e+02
   9.7000000e+02
   1.2370000e+03
   9.5600000e+02
   1.1020000e+03
   1.0220000e+03
   9.7800000e+02
   8.3200000e+02
   1.0090000e+03
   1.1570000e+03
   1.1510000e+03
   1.0090000e+03
   7.6500000e+02
   9.5800000e+02
   9.0200000e+02
   9.2300000e+02
   1.3330000e+03
   8.1100000e+02
   1.2170000e+03
   1.0850000e+03
   8.9600000e+02
   9.5800000e+02
   1.3110000e+03
   1.0370000e+03
   7.0200000e+02
   5.2100000e+02
   9.3300000e+02
   9.2800000e+02
   1.1530000e+03
   9.4600000e+02
   8.5800000e+02
   1.0710000e+03
   1.0690000e+03
   8.3000000e+02
   1.0630000e+03
   9.3000000e+02
   8.0700000e+02
   9.5400000e+02
   1.0630000e+03
   1.0020000e+03
   9.0900000e+02
   1.0770000e+03
   1.0210000e+03
   1.0620000e+03
   1.1570000e+03
   9.9900000e+02
   9.3200000e+02
   1.0350000e+03
   9.4400000e+02
   1.0490000e+03
   9.4000000e+02
   1.1220000e+03
   1.1150000e+03
   8.3300000e+02
   1.3200000e+03
   9.0100000e+02
   1.3240000e+03
   8.1800000e+02
   1.2500000e+03
   1.2030000e+03
   1.0780000e+03
   8.9000000e+02
   1.3030000e+03
   1.0110000e+03
   1.1020000e+03
   9.9600000e+02
   7.8000000e+02
   9.0000000e+02
   1.1060000e+03
   7.0400000e+02
   6.2100000e+02
   8.5400000e+02
   1.1780000e+03
   1.1380000e+03
   9.5100000e+02
   1.1870000e+03
   1.0670000e+03
   1.1180000e+03
   1.0370000e+03
   9.5800000e+02
   7.6000000e+02
   1.1010000e+03
   9.4900000e+02
   9.9200000e+02
   9.6600000e+02
   8.2400000e+02
   6.5300000e+02
   9.8000000e+02
   9.3500000e+02
   8.7800000e+02
   9.3400000e+02
   9.1000000e+02
   1.0580000e+03
   7.3000000e+02
   9.8000000e+02
   8.4400000e+02
   8.1400000e+02
   1.1030000e+03
   1.0000000e+03
   7.8800000e+02
   1.1430000e+03
   9.3500000e+02
   1.0690000e+03
   1.1700000e+03
   1.0670000e+03
   1.0370000e+03
   1.1510000e+03
   8.6300000e+02
   9.9000000e+02
   1.0350000e+03
   1.1120000e+03
   9.3100000e+02
   9.7000000e+02
   9.3200000e+02
   9.0400000e+02
   1.0260000e+03
   1.1470000e+03
   8.8300000e+02
   8.6700000e+02
   9.9000000e+02
   1.2580000e+03
   1.1920000e+03
   9.2200000e+02
   1.1500000e+03
   1.0910000e+03
   1.0390000e+03
   1.0830000e+03
   1.0400000e+03
   1.2890000e+03
   6.9900000e+02
   1.0830000e+03
   8.8000000e+02
   1.0290000e+03
   6.5800000e+02
   9.1200000e+02
   1.0230000e+03
   9.8400000e+02
   8.5600000e+02
   9.2400000e+02
   8.0100000e+02
   1.1220000e+03
   1.2920000e+03
   1.1160000e+03
   8.8000000e+02
   1.1730000e+03
   1.1340000e+03
   9.3200000e+02
   9.3800000e+02
   1.0780000e+03
   1.1800000e+03
   1.1060000e+03
   1.1840000e+03
   9.5400000e+02
   8.2400000e+02
   5.2900000e+02
   9.9800000e+02
   9.9600000e+02
   1.1330000e+03
   7.6500000e+02
   7.7500000e+02
   1.1050000e+03
   1.0810000e+03
   1.1710000e+03
   7.0500000e+02
   1.4250000e+03
   6.1000000e+02
   9.1600000e+02
   1.0010000e+03
   8.9500000e+02
   7.0900000e+02
   6.1000000e+02
   9.1600000e+02
   1.0010000e+03
   8.9500000e+02
   7.0900000e+02
   8.6000000e+02
   1.1100000e+03
   1.1490000e+03
   9.7200000e+02
   1.0020000e+03
