   2.1600000e+02
   2.0300000e+02
   1.9700000e+02
   2.0800000e+02
   2.0600000e+02
   2.0900000e+02
   2.0600000e+02
   2.0800000e+02
   2.0200000e+02
   2.0300000e+02
   2.0600000e+02
   2.1300000e+02
   2.1800000e+02
   2.0700000e+02
   2.0800000e+02
   2.0200000e+02
   1.9400000e+02
   2.0300000e+02
   2.1300000e+02
   2.1100000e+02
   1.9300000e+02
   2.1300000e+02
   2.0800000e+02
   2.0800000e+02
   2.0400000e+02
   2.0600000e+02
   2.0400000e+02
   2.0600000e+02
   2.0800000e+02
   2.0900000e+02
   2.1300000e+02
   2.0300000e+02
   2.0600000e+02
   2.0700000e+02
   1.9600000e+02
   2.0100000e+02
   2.0800000e+02
   2.0700000e+02
   2.1300000e+02
   2.0800000e+02
   2.1000000e+02
   2.0800000e+02
   2.1100000e+02
   2.1100000e+02
   2.1400000e+02
   2.2000000e+02
   2.1100000e+02
   2.0300000e+02
   2.1600000e+02
   2.2400000e+02
   2.1100000e+02
   2.0900000e+02
   2.1800000e+02
   2.1400000e+02
   2.1900000e+02
   2.1100000e+02
   2.0800000e+02
   2.2100000e+02
   2.1100000e+02
   2.1800000e+02
   2.1800000e+02
   1.9000000e+02
   2.1900000e+02
   2.1100000e+02
   2.0800000e+02
   1.9900000e+02
   2.1400000e+02
   2.0700000e+02
   2.0700000e+02
   2.1400000e+02
   2.0600000e+02
   2.1700000e+02
   2.1400000e+02
   2.0100000e+02
   2.1200000e+02
   2.1300000e+02
   2.1100000e+02
   2.1200000e+02
   2.1600000e+02
   2.0600000e+02
   2.1000000e+02
   2.1600000e+02
   2.0400000e+02
   2.2100000e+02
   2.0800000e+02
   2.0900000e+02
   2.1400000e+02
   2.1400000e+02
   1.9900000e+02
   2.0400000e+02
   2.1100000e+02
   2.0100000e+02
   2.1600000e+02
   2.1100000e+02
   2.0900000e+02
   2.0800000e+02
   2.0900000e+02
   2.0200000e+02
   2.1100000e+02
   2.0700000e+02
   2.0200000e+02
   2.0500000e+02
   2.0600000e+02
   2.1600000e+02
   2.0600000e+02
   2.1300000e+02
   2.0600000e+02
   2.0700000e+02
   2.0000000e+02
   1.9800000e+02
   2.0000000e+02
   2.0200000e+02
   2.0300000e+02
   2.0800000e+02
   2.1600000e+02
   2.0600000e+02
   2.2200000e+02
   2.1300000e+02
   2.0900000e+02
   2.1900000e+02
